# FromNodeId	ToNodeId
0	11342
0	824020
0	867923
0	891835
11342	0
11342	27469
11342	38716
11342	309564
11342	322178
11342	387543
11342	427436
11342	538214
11342	638706
11342	645018
11342	835220
11342	856657
11342	867923
11342	891835
824020	0
824020	91807
824020	322178
824020	387543
824020	417728
824020	438493
824020	500627
824020	535748
824020	695578
824020	867923
824020	891835
867923	0
867923	11342
867923	136593
867923	414038
867923	500627
867923	523684
867923	760842
867923	815602
867923	835220
867923	846213
867923	857527
867923	891835
891835	0
891835	11342
891835	112028
891835	235849
891835	302284
891835	417728
891835	451592
891835	693969
891835	857527
891835	867923
1	53051
1	203402
1	223236
1	276233
1	552600
1	569212
1	635575
1	748615
1	862566
1	893884
203402	1
203402	53051
203402	164684
203402	184896
203402	184984
203402	223236
203402	240041
203402	276233
203402	284930
203402	303045
203402	384341
203402	408707
203402	436135
203402	449352
203402	532018
203402	539143
203402	552600
203402	569212
203402	573555
203402	604413
203402	635575
203402	648208
203402	748615
203402	773119
203402	789543
203402	792151
203402	824625
203402	838771
203402	862566
203402	893884
223236	8517
223236	14456
223236	51573
223236	150176
223236	187770
223236	189348
223236	202191
223236	225530
223236	334309
223236	421091
223236	425667
223236	484795
223236	521022
223236	522701
223236	578091
223236	610457
223236	614906
223236	674265
223236	777734
223236	799858
223236	822292
223236	867774
223236	907505
223236	912757
276233	1
276233	53051
276233	164684
276233	203402
276233	208814
276233	223236
276233	240041
276233	303045
276233	363925
276233	384341
276233	408707
276233	436135
276233	552600
276233	569212
276233	619841
276233	635575
276233	748615
276233	773119
276233	774614
276233	792266
276233	838771
276233	862566
276233	893884
552600	1
552600	53051
552600	203402
552600	223236
552600	240041
552600	276233
552600	363925
552600	436135
552600	569212
552600	619841
552600	635575
552600	748615
552600	774614
552600	824625
552600	838771
552600	862566
552600	893884
569212	1
569212	53051
569212	164684
569212	184896
569212	184984
569212	203402
569212	208814
569212	223236
569212	240041
569212	276233
569212	284930
569212	363925
569212	436135
569212	449352
569212	539143
569212	552600
569212	573555
569212	604413
569212	635575
569212	648208
569212	748615
569212	774614
569212	789543
569212	862566
569212	893884
635575	33023
635575	53051
635575	69209
635575	203402
635575	223236
635575	276233
635575	426314
635575	435399
635575	448933
635575	460573
635575	505620
635575	552600
635575	569212
635575	599243
635575	713628
635575	734138
635575	748615
635575	860525
635575	862566
635575	893884
635575	894228
748615	1
748615	53051
748615	164684
748615	184896
748615	184984
748615	203402
748615	208814
748615	223236
748615	240041
748615	276233
748615	284930
748615	303045
748615	363925
748615	384341
748615	408707
748615	436135
748615	449352
748615	532018
748615	539143
748615	552600
748615	569212
748615	573555
748615	604413
748615	619841
748615	635575
748615	648208
748615	773119
748615	774614
748615	789543
748615	792151
748615	792266
748615	824625
748615	838771
748615	862566
748615	893884
862566	1
862566	53051
862566	164684
862566	184896
862566	184984
862566	203402
862566	208814
862566	223236
862566	240041
862566	276233
862566	284930
862566	303045
862566	436135
862566	449352
862566	539143
862566	552600
862566	569212
862566	573555
862566	604413
862566	619841
862566	635575
862566	648208
862566	748615
862566	774614
862566	792151
862566	792266
862566	893884
893884	53051
893884	184896
893884	184984
893884	203402
893884	208814
893884	223236
893884	240041
893884	276233
893884	284930
893884	449352
893884	539143
893884	552600
893884	569212
893884	604413
893884	619841
893884	635575
893884	648208
893884	748615
893884	789543
893884	862566
2	30957
2	357310
2	423174
2	430119
2	462435
2	472889
2	565424
2	581609
2	597621
2	644135
2	858904
30957	2
30957	357310
30957	423174
30957	430119
30957	462435
30957	472889
30957	488515
30957	494042
30957	528391
30957	531596
30957	565424
30957	581609
30957	597621
30957	644135
30957	779195
30957	858904
30957	912247
357310	2
357310	30957
357310	423174
357310	430119
357310	462435
357310	472889
357310	565424
357310	581609
357310	597621
357310	644135
357310	858904
423174	2
423174	30957
423174	357310
423174	430119
423174	462435
423174	472889
423174	565424
423174	581609
423174	597621
423174	644135
423174	858904
430119	2
430119	30957
430119	357310
430119	423174
430119	462435
430119	472889
430119	488515
430119	494042
430119	528391
430119	531596
430119	565424
430119	581609
430119	597621
430119	644135
430119	779195
430119	858904
430119	912247
462435	2
462435	30957
462435	357310
462435	385050
462435	423174
462435	430119
462435	433724
462435	472889
462435	565424
462435	581609
462435	597621
462435	644135
462435	858904
472889	2
472889	30957
472889	357310
472889	423174
472889	430119
472889	462435
472889	565424
472889	581609
472889	597621
472889	644135
472889	858904
565424	2
565424	30957
565424	357310
565424	423174
565424	430119
565424	462435
565424	472889
565424	581609
565424	597621
565424	644135
565424	723893
565424	828769
565424	858904
581609	2
581609	30957
581609	357310
581609	423174
581609	430119
581609	462435
581609	472889
581609	565424
581609	597621
581609	644135
581609	858904
581609	908276
597621	2937
597621	89958
597621	107219
597621	137136
597621	163524
597621	178815
597621	190733
597621	206688
597621	397349
597621	518625
597621	564202
597621	564998
597621	654863
597621	660384
597621	718679
597621	727948
597621	729403
597621	769429
597621	783319
597621	857417
597621	888289
597621	895278
644135	2
644135	10245
644135	30957
644135	136144
644135	357310
644135	396205
644135	423174
644135	430119
644135	462435
644135	472889
644135	565424
644135	581609
644135	597621
644135	738649
644135	747569
644135	858904
644135	863279
644135	907005
858904	2
858904	30957
858904	357310
858904	423174
858904	430119
858904	462435
858904	472889
858904	565424
858904	581609
858904	597621
858904	644135
4	44695
4	62391
4	79146
4	173976
4	670449
4	746182
4	795253
44695	4
44695	62391
44695	79146
44695	173976
44695	670449
44695	746182
44695	795253
62391	4
62391	44695
62391	79146
62391	103137
62391	173976
62391	670449
62391	746182
62391	795253
79146	4
79146	44695
79146	62391
79146	173976
79146	670449
79146	746182
79146	795253
173976	33210
173976	72960
173976	75753
173976	91681
173976	109681
173976	124446
173976	139972
173976	268108
173976	302178
173976	412196
173976	412198
173976	438091
173976	464936
173976	525525
173976	550473
173976	600077
173976	609886
173976	653863
173976	680677
173976	715102
173976	778296
173976	782447
173976	836461
173976	845467
173976	900126
173976	904600
670449	52105
670449	79146
670449	85196
670449	130331
670449	140825
670449	149560
670449	173976
670449	240511
670449	242328
670449	338481
670449	425899
670449	432806
670449	449833
670449	531289
670449	560895
670449	582139
670449	682408
670449	722051
670449	740954
670449	904600
746182	4
746182	44695
746182	62391
746182	79146
746182	173976
746182	670449
746182	795253
795253	4
795253	44695
795253	62391
795253	79146
795253	173976
795253	670449
795253	746182
5	39733
5	219773
5	300279
5	535142
5	579655
5	581741
5	608321
39733	15455
39733	82098
39733	109781
39733	173876
39733	300279
39733	332494
39733	407045
39733	477876
39733	477995
39733	518248
39733	579655
39733	581741
39733	597093
39733	645048
39733	646184
39733	672011
39733	795442
39733	902658
219773	39733
219773	300279
219773	579655
219773	581741
300279	39733
300279	86022
300279	141417
300279	145948
300279	427986
300279	574208
300279	579655
300279	581741
300279	619985
300279	696574
300279	701345
300279	749671
535142	39733
535142	300279
535142	579655
535142	581741
579655	39733
579655	81548
579655	133180
579655	176209
579655	286930
579655	300279
579655	574208
579655	581741
579655	582223
579655	691579
579655	873984
581741	39733
581741	219773
581741	300279
581741	579655
581741	608321
608321	5
608321	39733
608321	300279
608321	579655
608321	581741
6	119755
6	188708
6	668992
119755	177631
188708	119755
188708	668992
668992	546100
7	19576
7	43343
7	57818
7	75039
7	86833
7	174836
7	226374
7	230497
7	358176
7	487767
7	507854
7	514170
7	694921
7	743269
7	747035
7	877041
19576	9925
19576	40379
19576	43343
19576	57818
19576	158986
19576	174836
19576	226374
19576	231693
19576	358176
19576	415477
19576	487767
19576	514170
19576	577373
19576	599294
19576	749880
19576	803181
19576	877041
43343	19576
43343	75039
43343	158986
43343	226374
43343	358176
43343	439749
43343	487767
43343	514170
43343	803181
43343	877041
43343	880805
57818	19576
57818	43343
57818	226374
57818	358176
57818	487767
57818	514170
57818	877041
75039	19576
75039	43343
75039	226374
75039	358176
75039	487767
75039	514170
75039	877041
86833	19576
86833	43343
86833	75039
86833	226374
86833	358176
86833	487767
86833	514170
86833	866520
86833	877041
174836	226374
174836	507854
174836	877041
226374	13593
226374	17517
226374	39916
226374	43911
226374	46123
226374	61510
226374	64308
226374	107295
226374	109447
226374	160614
226374	167833
226374	173772
226374	227011
226374	305428
226374	357845
226374	429246
226374	452090
226374	494555
226374	514471
226374	539784
226374	571440
226374	621443
226374	637227
226374	707223
226374	780880
226374	801318
226374	833263
226374	858446
230497	19576
230497	43343
230497	206575
230497	226374
230497	280521
230497	358176
230497	487767
230497	514170
230497	877041
358176	19576
358176	43343
358176	168798
358176	206575
358176	226374
358176	338360
358176	487767
358176	514170
358176	577373
358176	877041
487767	7
487767	19576
487767	43343
487767	226374
487767	280521
487767	358176
487767	514170
487767	694921
487767	803181
487767	877041
507854	388802
507854	514170
514170	19576
514170	43343
514170	226374
514170	358176
514170	487767
514170	877041
694921	7
694921	9925
694921	19576
694921	43343
694921	57818
694921	226374
694921	231693
694921	255894
694921	358176
694921	487767
694921	514170
694921	552180
694921	659005
694921	749880
694921	877041
743269	124664
743269	247520
743269	343884
743269	359790
743269	477779
743269	824952
747035	19576
747035	43343
747035	226374
747035	358176
747035	415477
747035	487767
747035	514170
747035	599294
747035	877041
877041	19576
877041	43343
877041	75039
877041	226374
877041	358176
877041	487767
877041	514170
877041	880805
8	55948
8	846855
55948	666882
846855	55948
846855	139221
846855	331202
846855	333064
846855	418074
846855	636166
846855	704230
846855	734611
846855	776489
846855	807179
846855	808449
846855	880924
846855	882714
9	504263
9	704303
9	721062
9	780043
504263	31180
704303	74718
704303	95866
704303	227153
704303	254344
704303	735251
704303	811853
721062	9262
721062	254657
721062	310299
721062	590539
721062	854813
780043	189159
780043	247201
780043	259179
780043	544239
780043	547992
780043	761184
780043	778409
780043	795791
780043	804192
10	49988
10	85506
10	129774
10	134964
10	181848
10	194746
10	310676
10	332640
10	393685
10	556796
10	826668
49988	10
49988	134964
49988	181848
49988	310676
49988	393685
49988	556796
85506	10
85506	181848
85506	310676
85506	393685
85506	507927
85506	556796
129774	48495
129774	94430
129774	100774
129774	109252
129774	284798
129774	390902
129774	507927
129774	509884
129774	812141
129774	838973
129774	865548
129774	869311
129774	875821
134964	10
134964	181848
134964	310676
134964	393685
134964	556796
181848	10
181848	85506
181848	194746
181848	310676
181848	393685
181848	556796
194746	10
194746	181848
194746	310676
194746	393685
194746	556796
310676	10
310676	134964
310676	181848
310676	393685
310676	556796
332640	10
332640	181848
332640	310676
332640	393685
332640	556796
393685	10
393685	181848
393685	310676
393685	332640
393685	556796
556796	10
556796	181848
556796	310676
556796	393685
826668	10
826668	181848
826668	310676
826668	393685
826668	556796
11	42021
11	75364
11	105322
11	160306
11	216203
11	280605
11	360442
11	400675
11	579432
11	852008
11	881590
42021	75364
42021	105322
42021	160306
42021	216203
42021	360442
42021	400675
42021	579432
75364	11
75364	42021
75364	105322
75364	160306
75364	216203
75364	294679
75364	360442
75364	400675
75364	579432
75364	750725
75364	765552
75364	852008
105322	42021
105322	50086
105322	75364
105322	95579
105322	111099
105322	160306
105322	216203
105322	360442
105322	400675
105322	504448
105322	579432
160306	42021
160306	75364
160306	95579
160306	216203
160306	360442
160306	400675
160306	579432
216203	10897
216203	42021
216203	105322
216203	160306
216203	224748
216203	360442
216203	389370
216203	400675
216203	514281
216203	579432
216203	622656
280605	42021
280605	75364
280605	105322
280605	160306
280605	216203
280605	360442
280605	400675
280605	579432
360442	10897
360442	42021
360442	105322
360442	160306
360442	216203
360442	400675
360442	415575
360442	579432
360442	615274
360442	622656
360442	807165
360442	888384
400675	42021
400675	75364
400675	105322
400675	160306
400675	172589
400675	216203
400675	360442
400675	416440
400675	579432
400675	606871
400675	696657
400675	752898
400675	757363
400675	902793
579432	42021
579432	71130
579432	75364
579432	105322
579432	115712
579432	160306
579432	216203
579432	360442
579432	400675
579432	615274
579432	713134
579432	888384
852008	42021
852008	75364
852008	105322
852008	160306
852008	216203
852008	360442
852008	400675
852008	579432
881590	42021
881590	75364
881590	105322
881590	160306
881590	216203
881590	360442
881590	400675
881590	579432
12	844958
13	104279
13	143673
13	257316
13	298314
13	317571
13	379868
13	487593
13	514176
13	677378
13	756408
13	806291
13	832457
13	834531
13	845262
13	876328
13	908351
13	909316
104279	143673
104279	257316
104279	298314
104279	317571
104279	379868
104279	487593
104279	514176
104279	677378
104279	756408
104279	806291
104279	832457
104279	834531
104279	845262
104279	876328
104279	908351
104279	909316
143673	104279
143673	257316
143673	298314
143673	317571
143673	379868
143673	487593
143673	514176
143673	677378
143673	756408
143673	806291
143673	832457
143673	834531
143673	845262
143673	876328
143673	908351
143673	909316
257316	104279
257316	143673
257316	298314
257316	317571
257316	379868
257316	487593
257316	514176
257316	677378
257316	756408
257316	806291
257316	832457
257316	834531
257316	845262
257316	876328
257316	908351
257316	909316
298314	104279
298314	143673
298314	257316
298314	260584
298314	273292
298314	317571
298314	379868
298314	487593
298314	514176
298314	575470
298314	677378
298314	756408
298314	806291
298314	832457
298314	834531
298314	845262
298314	876328
298314	908351
298314	909316
298314	914299
317571	104279
317571	143673
317571	257316
317571	298314
317571	379868
317571	487593
317571	514176
317571	677378
317571	756408
317571	806291
317571	832457
317571	834531
317571	845262
317571	876328
317571	908351
317571	909316
379868	104279
379868	143673
379868	257316
379868	273292
379868	298314
379868	317571
379868	487593
379868	514176
379868	677378
379868	756408
379868	806291
379868	832457
379868	834531
379868	845262
379868	876328
379868	908351
379868	909316
487593	104279
487593	143673
487593	257316
487593	298314
487593	317571
487593	379868
487593	514176
487593	677378
487593	756408
487593	806291
487593	832457
487593	834531
487593	845262
487593	876328
487593	908351
487593	909316
514176	104279
514176	143673
514176	257316
514176	298314
514176	317571
514176	379868
514176	487593
514176	677378
514176	756408
514176	806291
514176	832457
514176	834531
514176	845262
514176	876328
514176	908351
514176	909316
677378	104279
677378	143673
677378	257316
677378	298314
677378	317571
677378	379868
677378	487593
677378	514176
677378	756408
677378	806291
677378	832457
677378	834531
677378	845262
677378	876328
677378	908351
677378	909316
756408	104279
756408	143673
756408	257316
756408	298314
756408	317571
756408	379868
756408	487593
756408	514176
756408	677378
756408	806291
756408	832457
756408	834531
756408	845262
756408	876328
756408	908351
756408	909316
806291	104279
806291	143673
806291	257316
806291	298314
806291	317571
806291	379868
806291	487593
806291	514176
806291	677378
806291	756408
806291	832457
806291	834531
806291	845262
806291	876328
806291	908351
806291	909316
832457	104279
832457	143673
832457	257316
832457	298314
832457	317571
832457	379868
832457	487593
832457	514176
832457	677378
832457	756408
832457	806291
832457	834531
832457	845262
832457	876328
832457	908351
832457	909316
834531	121288
834531	301947
834531	327220
834531	332180
834531	466856
834531	503824
834531	593102
834531	604060
834531	667114
834531	842162
834531	904913
834531	908351
845262	104279
845262	143673
845262	257316
845262	298314
845262	317571
845262	379868
845262	487593
845262	514176
845262	677378
845262	756408
845262	806291
845262	832457
845262	834531
845262	876328
845262	908351
845262	909316
876328	104279
876328	143673
876328	257316
876328	298314
876328	317571
876328	379868
876328	487593
876328	514176
876328	677378
876328	756408
876328	806291
876328	832457
876328	834531
876328	845262
876328	908351
876328	909316
908351	26933
908351	69083
908351	132334
908351	157079
908351	177207
908351	267226
908351	273089
908351	336829
908351	372406
908351	422974
908351	437593
908351	446437
908351	505449
908351	560307
908351	608928
908351	626439
908351	654643
908351	670568
908351	732741
908351	807990
908351	818194
908351	849435
908351	852237
908351	869443
909316	104279
909316	143673
909316	257316
909316	298314
909316	317571
909316	379868
909316	487593
909316	514176
909316	677378
909316	756408
909316	806291
909316	832457
909316	834531
909316	845262
909316	876328
909316	908351
15	16586
15	43847
15	44788
15	99387
15	130698
15	268368
15	371984
15	390257
15	422877
15	451817
15	460382
15	518054
15	567443
15	639906
15	661693
15	771890
15	795462
15	830774
15	859227
15	888999
16586	179147
43847	711582
44788	243547
99387	498736
130698	571169
390257	322785
422877	118607
451817	562164
460382	518754
567443	372067
639906	610200
661693	668845
771890	523930
795462	663461
859227	308153
888999	701637
16	644379
644379	162660
644379	324745
644379	360659
644379	442179
644379	508713
644379	515348
644379	592237
644379	666667
644379	672658
644379	710554
644379	752488
644379	762378
644379	791375
644379	795024
644379	825693
644379	828963
644379	885206
644379	911584
17	33881
17	40033
17	96828
17	116209
17	202339
17	501061
17	520215
17	546581
17	551829
17	590190
17	647961
17	691178
17	724847
17	725759
17	793999
17	859607
17	861125
17	876722
33881	48729
33881	551829
40033	96828
40033	116209
40033	166669
40033	185274
40033	202339
40033	204549
40033	323069
40033	372152
40033	421126
40033	442638
40033	546581
40033	551829
40033	590190
40033	647961
40033	691178
40033	724847
40033	793999
40033	859607
40033	861125
96828	40033
96828	116209
96828	166669
96828	185274
96828	202339
96828	204549
96828	372152
96828	421126
96828	442638
96828	546581
96828	551829
96828	590190
96828	647961
96828	691178
96828	724847
96828	793999
96828	859607
96828	861125
116209	40033
116209	96828
116209	278865
116209	337049
116209	474858
116209	546581
116209	551829
116209	590190
116209	624634
116209	647961
116209	675171
116209	691178
116209	724847
116209	793999
116209	859607
116209	861125
116209	901564
202339	40033
202339	96828
202339	116209
202339	166669
202339	185274
202339	204549
202339	372152
202339	421126
202339	442638
202339	546581
202339	551829
202339	590190
202339	647961
202339	691178
202339	724847
202339	793999
202339	859607
202339	861125
501061	17
501061	33881
501061	40033
501061	96828
501061	116209
501061	202339
501061	520215
501061	546581
501061	551829
501061	590190
501061	647961
501061	691178
501061	724847
501061	725759
501061	793999
501061	859607
501061	861125
501061	876722
520215	17
520215	33881
520215	40033
520215	96828
520215	116209
520215	202339
520215	501061
520215	546581
520215	551829
520215	590190
520215	647961
520215	691178
520215	724847
520215	725759
520215	793999
520215	859607
520215	861125
520215	876722
546581	17
546581	33881
546581	40033
546581	96828
546581	116209
546581	202339
546581	501061
546581	520215
546581	551829
546581	590190
546581	647961
546581	691178
546581	724847
546581	725759
546581	793999
546581	859607
546581	861125
546581	876722
551829	303773
551829	452404
551829	468271
551829	474653
551829	501598
551829	521375
551829	529106
551829	705919
551829	739927
551829	785636
551829	796519
551829	854482
551829	878276
590190	40033
590190	96828
590190	116209
590190	546581
590190	551829
590190	647961
590190	688104
590190	691178
590190	724847
590190	793999
590190	859607
590190	861125
647961	34341
647961	40033
647961	48027
647961	96828
647961	116209
647961	269855
647961	294793
647961	546581
647961	582155
647961	590190
647961	691178
647961	703024
647961	724847
647961	793999
647961	859607
647961	861125
691178	19354
691178	40033
691178	96828
691178	116209
691178	205921
691178	210617
691178	372152
691178	477685
691178	520315
691178	543986
691178	546581
691178	590190
691178	647961
691178	688104
691178	711228
691178	724847
691178	727192
691178	793999
691178	859607
691178	861125
724847	31662
724847	40033
724847	96828
724847	116209
724847	413735
724847	520936
724847	541711
724847	546581
724847	590190
724847	647961
724847	650529
724847	691178
724847	793999
724847	859607
724847	861125
724847	893137
725759	17
725759	33881
725759	40033
725759	96828
725759	116209
725759	202339
725759	459348
725759	501061
725759	516707
725759	520215
725759	546581
725759	551829
725759	590190
725759	647961
725759	691178
725759	724847
725759	793999
725759	859607
725759	861125
725759	876722
793999	40033
793999	96828
793999	116209
793999	467429
793999	535522
793999	544424
793999	546581
793999	590190
793999	647961
793999	691178
793999	724847
793999	859607
793999	861125
859607	40033
859607	96828
859607	116209
859607	166669
859607	185274
859607	202339
859607	204549
859607	311383
859607	372152
859607	421126
859607	442638
859607	546581
859607	551829
859607	590190
859607	647961
859607	653440
859607	691178
859607	724847
859607	793999
859607	861125
861125	17783
861125	116209
861125	163837
861125	200397
861125	218912
861125	269855
861125	271219
861125	504455
861125	546581
861125	582155
861125	590190
861125	647961
861125	650965
861125	691178
861125	724847
861125	793999
876722	17
876722	33881
876722	40033
876722	96828
876722	116209
876722	127713
876722	171392
876722	202339
876722	304693
876722	393587
876722	501061
876722	520215
876722	545693
876722	546581
876722	551829
876722	590190
876722	647961
876722	691178
876722	724847
876722	725759
876722	793999
876722	859607
876722	861125
18	225879
18	431311
18	445245
18	528720
18	781983
18	818382
18	886971
431311	23227
431311	43252
431311	63254
431311	88767
431311	134965
431311	225879
431311	321164
431311	362158
431311	424853
431311	445245
431311	463967
431311	545384
431311	590657
431311	643018
431311	652143
431311	667417
431311	682004
431311	781983
431311	804226
431311	805094
431311	818382
445245	53962
445245	69743
445245	113861
445245	129906
445245	190098
445245	495833
445245	591044
445245	603015
445245	732742
445245	775552
445245	818382
445245	863895
528720	20074
528720	84549
528720	159305
528720	163856
528720	211792
528720	211891
528720	225879
528720	309104
528720	334539
528720	390239
528720	402134
528720	431311
528720	445245
528720	652143
528720	657970
528720	781983
528720	818382
528720	883440
528720	906306
781983	84549
781983	89104
781983	117991
781983	196396
781983	211891
781983	225879
781983	334539
781983	390239
781983	396121
781983	411410
781983	431311
781983	445245
781983	512792
781983	516143
781983	528720
781983	529563
781983	802402
781983	818382
781983	865960
781983	878262
781983	886971
781983	888031
818382	8834
818382	14571
818382	33882
818382	34207
818382	105019
818382	105102
818382	226587
818382	246940
818382	269822
818382	277198
818382	291224
818382	318401
818382	367501
818382	402134
818382	425876
818382	430708
818382	455043
818382	462195
818382	479889
818382	508053
818382	528797
818382	546184
818382	612400
818382	659499
818382	701187
818382	724629
818382	743796
818382	776017
818382	785394
818382	870033
818382	881092
818382	906306
886971	127984
886971	225879
886971	445245
886971	528720
886971	661925
886971	686504
886971	781983
886971	818382
886971	833408
886971	871843
19	170194
19	173976
19	653863
170194	82615
170194	100459
170194	173976
170194	233196
170194	567996
170194	632612
170194	653863
170194	743921
170194	794897
170194	841151
170194	850722
170194	855271
653863	47995
653863	64096
653863	156401
653863	173976
653863	317409
653863	323256
653863	370208
653863	393010
653863	427934
653863	459803
653863	464120
653863	529551
653863	553727
653863	669075
653863	741880
653863	756058
653863	787086
653863	834756
653863	836461
20	7235
20	908351
7235	21394
7235	36960
7235	153428
7235	309036
7235	318136
7235	359199
7235	418530
7235	711413
7235	908351
21	117070
21	185067
21	212718
21	274149
21	425769
21	492643
21	504769
21	572100
21	602912
21	667688
21	681150
21	689371
21	711442
21	744789
21	776322
21	805694
21	815787
117070	21
117070	34765
117070	42606
117070	185067
117070	212718
117070	274149
117070	276257
117070	425769
117070	492643
117070	504769
117070	572100
117070	602912
117070	667688
117070	681150
117070	689371
117070	697863
117070	711442
117070	744789
117070	776322
117070	805694
117070	815787
185067	3677
185067	76969
185067	354154
185067	450593
185067	493109
185067	518343
185067	579954
185067	709986
185067	722904
185067	748197
185067	763474
185067	865644
185067	871484
274149	77945
274149	80115
274149	129775
274149	185067
274149	212718
274149	239303
274149	262880
274149	308700
274149	314621
274149	406923
274149	425769
274149	485986
274149	492643
274149	504769
274149	517829
274149	558682
274149	571808
274149	572100
274149	581617
274149	633706
274149	715506
274149	811123
274149	839398
274149	893642
425769	30457
425769	42437
425769	84058
425769	147482
425769	185067
425769	208150
425769	268857
425769	274149
425769	421428
425769	476682
425769	492643
425769	504769
425769	630320
425769	635893
425769	724721
425769	741590
425769	835689
425769	863266
425769	890731
492643	30082
492643	40142
492643	236135
492643	297777
492643	322270
492643	332380
492643	338458
492643	569541
492643	657277
492643	783498
492643	804274
504769	18226
504769	49865
504769	66521
504769	110110
504769	116335
504769	185067
504769	289256
504769	518617
504769	532155
504769	549001
504769	561020
504769	590768
504769	604734
504769	690086
504769	715540
504769	797327
504769	850616
504769	873015
572100	183063
572100	310096
572100	332592
572100	397126
572100	910916
602912	21
602912	117070
602912	185067
602912	212718
602912	274149
602912	425769
602912	492643
602912	504769
602912	572100
602912	667688
602912	681150
602912	689371
602912	711442
602912	744789
602912	776322
602912	805694
602912	815787
667688	21
667688	117070
667688	185067
667688	212718
667688	274149
667688	425769
667688	492643
667688	504769
667688	572100
667688	602912
667688	681150
667688	689371
667688	711442
667688	744789
667688	776322
667688	805694
667688	815787
681150	50742
681150	72666
681150	76969
681150	185067
681150	210477
681150	211089
681150	212718
681150	233079
681150	240397
681150	267221
681150	269505
681150	273676
681150	420666
681150	502484
681150	502848
681150	533609
681150	550146
681150	552387
681150	666797
681150	677723
681150	682873
681150	683014
681150	701963
681150	709685
681150	736057
681150	740358
681150	893599
681150	909481
689371	21
689371	34765
689371	42606
689371	117070
689371	185067
689371	248047
689371	276257
689371	602912
689371	667688
689371	681150
689371	711442
689371	744789
689371	776322
689371	805694
689371	815787
689371	891878
711442	21
711442	117070
711442	185067
711442	212718
711442	274149
711442	425769
711442	572100
711442	602912
711442	667688
711442	681150
711442	689371
711442	744789
711442	776322
711442	777932
711442	805694
711442	815787
744789	21
744789	117070
744789	185067
744789	212718
744789	274149
744789	425769
744789	492643
744789	504769
744789	572100
744789	602912
744789	667688
744789	681150
744789	689371
744789	697863
744789	711442
744789	776322
744789	805694
744789	815787
776322	21
776322	117070
776322	185067
776322	212718
776322	274149
776322	425769
776322	492643
776322	504769
776322	572100
776322	602912
776322	667688
776322	681150
776322	689371
776322	711442
776322	744789
776322	805694
776322	815787
805694	21
805694	117070
805694	185067
805694	212718
805694	274149
805694	425769
805694	492643
805694	504769
805694	572100
805694	602912
805694	667688
805694	681150
805694	689371
805694	711442
805694	744789
805694	776322
805694	815787
815787	21
815787	117070
815787	185067
815787	212718
815787	274149
815787	425769
815787	492643
815787	504769
815787	572100
815787	602912
815787	667688
815787	681150
815787	689371
815787	711442
815787	744789
815787	776322
815787	805694
22	13505
22	87899
22	99379
22	124908
22	465399
22	486980
22	658333
22	738994
13505	87899
13505	99379
13505	465399
13505	486980
13505	658333
13505	738994
87899	13505
87899	99379
87899	465399
87899	486980
87899	658333
87899	738994
99379	100352
99379	128910
99379	164147
99379	191146
99379	223045
99379	233513
99379	449951
99379	464597
99379	471175
99379	486980
99379	521293
99379	534822
99379	535024
99379	725446
99379	776601
99379	863926
124908	13505
124908	87899
124908	99379
124908	465399
124908	486980
124908	658333
124908	738994
465399	22
465399	13505
465399	23285
465399	73943
465399	87899
465399	99379
465399	103468
465399	121202
465399	126013
465399	126108
465399	163542
465399	165035
465399	191146
465399	200291
465399	251691
465399	271187
465399	285090
465399	303130
465399	342921
465399	366358
465399	374263
465399	384311
465399	389739
465399	405416
465399	414656
465399	426296
465399	436225
465399	437969
465399	455010
465399	476261
465399	483386
465399	486980
465399	526892
465399	543977
465399	548886
465399	575717
465399	608146
465399	653847
465399	658333
465399	659637
465399	692149
465399	700840
465399	706477
465399	738994
465399	741151
465399	747411
465399	762145
465399	803349
465399	816111
465399	821162
465399	855832
465399	857590
465399	897513
465399	908568
465399	912548
486980	330762
486980	359785
486980	402414
486980	526892
486980	624323
486980	713099
658333	13505
658333	87899
658333	99379
658333	465399
658333	486980
658333	738994
738994	22
738994	11630
738994	13505
738994	21053
738994	21474
738994	23285
738994	23422
738994	35334
738994	38808
738994	45882
738994	64309
738994	65829
738994	68703
738994	73943
738994	79864
738994	87899
738994	99379
738994	103468
738994	110506
738994	114270
738994	121202
738994	122754
738994	126108
738994	128767
738994	128969
738994	135584
738994	142303
738994	162220
738994	162431
738994	165035
738994	168773
738994	175563
738994	191146
738994	200291
738994	212719
738994	215968
738994	220611
738994	222807
738994	239736
738994	250518
738994	251189
738994	251691
738994	261537
738994	262904
738994	271187
738994	275901
738994	285090
738994	291459
738994	296191
738994	298303
738994	303130
738994	312733
738994	321105
738994	334542
738994	335840
738994	336879
738994	342921
738994	347624
738994	349999
738994	353718
738994	359174
738994	366358
738994	366673
738994	371814
738994	373642
738994	379333
738994	389739
738994	405416
738994	406951
738994	421829
738994	426296
738994	437969
738994	440563
738994	441591
738994	442918
738994	446121
738994	450711
738994	455010
738994	465399
738994	465704
738994	476261
738994	479677
738994	483386
738994	486980
738994	498018
738994	500197
738994	505527
738994	511964
738994	520379
738994	523463
738994	526892
738994	548419
738994	548886
738994	550276
738994	558802
738994	567118
738994	575717
738994	576072
738994	580063
738994	583133
738994	585091
738994	585435
738994	589030
738994	591790
738994	598848
738994	600771
738994	608146
738994	617914
738994	619175
738994	620160
738994	627497
738994	641919
738994	642050
738994	652419
738994	653766
738994	654414
738994	656338
738994	657873
738994	658333
738994	667883
738994	669320
738994	670167
738994	684556
738994	690866
738994	692149
738994	700840
738994	706477
738994	713255
738994	725328
738994	725976
738994	738428
738994	739419
738994	741151
738994	747411
738994	750824
738994	759558
738994	762145
738994	765871
738994	771207
738994	773200
738994	783479
738994	787625
738994	789969
738994	790550
738994	792924
738994	802744
738994	803349
738994	816111
738994	821162
738994	822722
738994	825269
738994	835559
738994	846102
738994	848506
738994	850587
738994	853118
738994	897513
738994	897990
738994	898230
738994	898337
738994	901245
738994	912002
738994	913606
23	97652
23	105248
23	155786
23	399699
23	738198
23	747246
23	749027
23	776695
97652	23
97652	105248
97652	399699
97652	738198
97652	747246
97652	749027
97652	776695
105248	23
105248	97652
105248	399699
105248	738198
105248	747246
105248	749027
105248	776695
155786	77737
155786	163213
155786	213454
155786	221354
155786	228116
155786	310842
155786	355399
155786	449166
155786	488727
155786	535861
155786	608629
155786	649653
155786	700113
155786	705189
155786	758288
155786	763815
155786	769749
155786	796553
155786	820121
155786	882715
155786	903434
399699	155786
399699	160425
399699	183182
399699	376410
399699	533721
399699	544131
399699	685944
399699	755624
399699	824629
399699	881775
399699	894968
738198	23
738198	97652
738198	105248
738198	399699
738198	685944
738198	747246
738198	749027
738198	776695
747246	399699
747246	738198
747246	749027
747246	776695
749027	23
749027	12444
749027	33668
749027	38399
749027	49438
749027	59809
749027	67003
749027	67314
749027	88223
749027	90300
749027	97652
749027	105248
749027	123577
749027	136840
749027	236707
749027	257041
749027	262023
749027	266939
749027	284074
749027	327226
749027	335996
749027	355968
749027	390262
749027	395540
749027	399699
749027	427981
749027	452027
749027	505488
749027	507545
749027	515273
749027	595613
749027	608732
749027	615691
749027	617366
749027	628792
749027	629265
749027	639822
749027	671849
749027	681395
749027	722263
749027	738198
749027	742770
749027	747246
749027	776339
749027	776695
749027	780480
749027	783666
749027	795274
749027	890685
776695	23
776695	97652
776695	105248
776695	399699
776695	481408
776695	738198
776695	747246
776695	749027
24	141906
24	146877
24	466013
24	504140
24	524179
24	767842
141906	146877
141906	466013
141906	504140
141906	813654
146877	148246
146877	385135
146877	407803
146877	415220
146877	433345
146877	504140
146877	559658
146877	692306
146877	745938
146877	816778
146877	874931
466013	385135
466013	504140
466013	559658
466013	816778
466013	874931
504140	9299
504140	65406
504140	68038
504140	106158
504140	110992
504140	142917
504140	213985
504140	262202
504140	345489
504140	378675
504140	418266
504140	455691
504140	502888
504140	566461
504140	643953
504140	719852
504140	859714
504140	860578
504140	871807
524179	141906
524179	146877
524179	466013
524179	504140
524179	767842
767842	141906
767842	146877
767842	466013
767842	504140
767842	524179
25	13825
25	55030
25	132001
25	153967
25	186630
25	274064
25	281234
25	441852
25	779319
25	798597
25	914842
13825	55030
13825	132001
13825	153967
13825	186630
13825	274064
13825	281234
13825	292541
13825	441852
13825	524135
13825	642780
13825	779319
13825	798597
13825	906249
13825	914842
55030	13825
55030	132001
55030	153967
55030	186630
55030	274064
55030	281234
55030	441852
55030	779319
55030	798597
55030	914842
132001	13825
132001	55030
132001	153967
132001	186630
132001	274064
132001	281234
132001	441852
132001	779319
132001	798597
132001	914842
153967	13825
153967	55030
153967	132001
153967	186630
153967	274064
153967	281234
153967	368070
153967	391467
153967	407851
153967	441852
153967	598068
153967	764782
153967	779319
153967	798597
153967	914842
186630	13825
186630	55030
186630	132001
186630	153967
186630	274064
186630	281234
186630	441852
186630	779319
186630	798597
186630	914842
274064	9579
274064	13825
274064	55030
274064	132001
274064	153967
274064	186630
274064	281234
274064	441852
274064	459448
274064	604861
274064	779319
274064	798597
274064	848995
274064	914842
281234	13825
281234	55030
281234	132001
281234	153967
281234	186630
281234	274064
281234	441852
281234	779319
281234	798597
281234	914842
441852	13825
441852	55030
441852	132001
441852	153967
441852	173896
441852	186630
441852	244254
441852	274064
441852	281234
441852	559462
441852	642563
441852	779319
441852	796011
441852	798597
441852	914842
779319	13825
779319	55030
779319	132001
779319	153967
779319	186630
779319	274064
779319	281234
779319	441852
779319	798597
779319	914842
798597	13825
798597	55030
798597	132001
798597	153967
798597	186630
798597	244254
798597	274064
798597	281234
798597	441852
798597	559462
798597	779319
798597	914842
914842	13825
914842	27846
914842	55030
914842	132001
914842	133087
914842	153967
914842	186630
914842	274064
914842	281234
914842	303197
914842	419778
914842	441852
914842	607751
914842	639576
914842	779319
914842	798597
26	97056
26	175140
26	316341
26	866449
97056	129991
97056	240396
97056	900003
175140	96847
175140	224864
175140	780355
316341	839729
866449	97056
866449	175140
866449	316341
27	47401
27	96333
27	135295
27	167262
27	265105
27	286493
27	377410
27	380942
27	440998
27	466467
27	479492
27	675403
27	701137
27	818304
27	840474
27	885553
47401	27
47401	96333
47401	265105
47401	479492
47401	675403
47401	701137
47401	818304
47401	840474
96333	27
96333	47401
96333	265105
96333	479492
96333	675403
96333	701137
96333	818304
96333	840474
135295	27
135295	47401
135295	96333
135295	265105
135295	479492
135295	675403
135295	701137
135295	818304
135295	840474
167262	27
167262	47401
167262	96333
167262	265105
167262	479492
167262	675403
167262	701137
167262	818304
167262	840474
265105	27
265105	47401
265105	96333
265105	135295
265105	167262
265105	286493
265105	377410
265105	380942
265105	440998
265105	466467
265105	479492
265105	675403
265105	701137
265105	818304
265105	840474
265105	885553
286493	27
286493	47401
286493	96333
286493	265105
286493	479492
286493	675403
286493	701137
286493	818304
286493	840474
377410	135295
380942	27
380942	47401
380942	96333
380942	265105
380942	479492
380942	675403
380942	701137
380942	818304
380942	840474
440998	135295
440998	286493
440998	466467
466467	27
466467	47401
466467	96333
466467	265105
466467	479492
466467	675403
466467	701137
466467	818304
466467	840474
479492	27
479492	47401
479492	96333
479492	265105
479492	675403
479492	701137
479492	818304
479492	840474
675403	27
675403	47401
675403	96333
675403	265105
675403	479492
675403	701137
675403	818304
675403	840474
701137	27
701137	47401
701137	96333
701137	265105
701137	479492
701137	675403
701137	818304
701137	840474
840474	27
840474	47401
840474	96333
840474	265105
840474	479492
840474	675403
840474	701137
840474	818304
885553	27
885553	47401
885553	96333
885553	265105
885553	479492
885553	675403
885553	701137
885553	818304
885553	840474
28	151230
28	537900
28	616640
28	621034
28	621670
151230	28
151230	537900
151230	616640
151230	621034
151230	621670
537900	28
537900	151230
537900	616640
537900	621034
537900	621670
616640	28
616640	151230
616640	537900
616640	621034
616640	621670
621034	28
621034	151230
621034	537900
621034	616640
621034	621670
621670	32595
621670	40646
621670	198076
621670	324382
621670	328478
621670	487365
621670	571145
621670	600370
621670	639233
621670	666029
29	281482
29	291879
29	502809
29	714381
29	839849
29	846221
281482	291879
291879	70801
291879	213041
291879	236907
291879	362199
291879	502809
291879	623651
291879	714381
291879	730073
291879	799534
291879	839849
291879	846221
291879	859206
502809	29
502809	46977
502809	97663
502809	102704
502809	166222
502809	202128
502809	211039
502809	291879
502809	297188
502809	310385
502809	351501
502809	394425
502809	417121
502809	429054
502809	496592
502809	500538
502809	505150
502809	525655
502809	574200
502809	579329
502809	621265
502809	635055
502809	714381
502809	747712
502809	794815
502809	808946
502809	839849
502809	846221
714381	15281
714381	46977
714381	291879
714381	417121
714381	493046
714381	502809
714381	579329
714381	839849
714381	846221
839849	70801
839849	223290
839849	291879
839849	502809
839849	714381
839849	846221
30	124509
30	161360
30	161448
30	177766
30	377928
30	564863
30	572945
30	650162
30	687325
30	727325
30	736915
30	766528
30	806752
30	841894
30	851608
30	856818
124509	30
124509	161360
124509	161448
124509	177766
124509	377928
124509	564863
124509	572945
124509	687325
124509	727325
124509	736915
124509	766528
124509	806752
124509	841894
124509	856818
161360	119701
161360	157394
161360	163614
161360	307844
161360	351029
161360	367053
161360	435615
161360	679725
161360	680463
161360	684544
161360	687325
161360	726720
161360	736915
161360	808816
161360	848635
161360	867457
161448	30
161448	100729
161448	124509
161448	161360
161448	177766
161448	377928
161448	564863
161448	572945
161448	581489
161448	687325
161448	727325
161448	736915
161448	766528
161448	806752
161448	841894
161448	856818
177766	30
177766	124509
177766	161360
177766	161448
177766	377928
177766	400293
177766	564863
177766	572945
177766	686425
177766	687325
177766	727325
177766	736915
177766	766528
177766	806752
177766	841894
177766	856818
377928	30
377928	124509
377928	161448
377928	177766
377928	572945
377928	687325
377928	727325
377928	766528
377928	806752
377928	841894
377928	856818
564863	518369
564863	562394
564863	606056
564863	663949
564863	684544
564863	687325
564863	708826
564863	709232
564863	736034
564863	737266
564863	756398
564863	808756
564863	849174
564863	908214
572945	30
572945	124509
572945	161360
572945	161448
572945	177766
572945	377928
572945	415615
572945	564863
572945	581489
572945	687325
572945	727325
572945	736915
572945	766528
572945	806752
572945	841894
572945	856818
572945	889158
650162	30
650162	124509
650162	161360
650162	161448
650162	177766
650162	377928
650162	564863
650162	572945
650162	687325
650162	727325
650162	736915
650162	766528
650162	806752
650162	841894
650162	856818
687325	119701
687325	157394
687325	163614
687325	307844
687325	367053
687325	404015
687325	435615
687325	679725
687325	680463
687325	684544
687325	726720
687325	808816
687325	848635
687325	867457
727325	30
727325	124509
727325	161360
727325	161448
727325	177766
727325	377928
727325	564863
727325	572945
727325	687325
727325	736915
727325	766528
727325	806752
727325	841894
727325	856818
736915	119701
736915	157394
736915	161360
736915	163614
736915	307844
736915	351029
736915	367053
736915	435615
736915	529018
736915	679725
736915	680463
736915	684544
736915	687325
736915	726720
736915	808816
736915	848635
736915	867457
766528	30
766528	124509
766528	161360
766528	161448
766528	177766
766528	377928
766528	536264
766528	564863
766528	572945
766528	687325
766528	727325
766528	736915
766528	806752
766528	841894
766528	856818
806752	146952
806752	161360
806752	187293
806752	192662
806752	211228
806752	353959
806752	370275
806752	379664
806752	474935
806752	564863
806752	648602
806752	687325
806752	692192
806752	708826
806752	736915
851608	30
851608	124509
851608	161360
851608	161448
851608	177766
851608	377928
851608	564863
851608	572945
851608	687325
851608	727325
851608	736915
851608	766528
851608	806752
851608	841894
851608	856818
856818	30
856818	124509
856818	161360
856818	161448
856818	177766
856818	268527
856818	377928
856818	415615
856818	564863
856818	572945
856818	687325
856818	727325
856818	734568
856818	736915
856818	766528
856818	806752
856818	841894
31	104370
31	166776
31	213338
31	290763
31	514756
31	859136
31	882132
104370	31
104370	94252
104370	99085
104370	150538
104370	166776
104370	191278
104370	441612
104370	501326
104370	575885
104370	589757
104370	613606
104370	694086
104370	716740
104370	777789
104370	796252
104370	824157
104370	832292
104370	832757
104370	858399
104370	859136
104370	882132
166776	150538
166776	213338
166776	541901
166776	599130
166776	719514
166776	871745
213338	144669
213338	198960
213338	265970
213338	351488
213338	354993
213338	401232
213338	478465
213338	522844
213338	605650
213338	648987
213338	679506
213338	785412
213338	816336
290763	265970
290763	351488
290763	354993
290763	605650
290763	648987
290763	679506
290763	785412
290763	816336
514756	31
514756	99085
514756	104370
514756	150538
514756	178799
514756	441612
514756	501326
514756	513319
514756	575885
514756	589757
514756	613606
514756	716740
514756	796252
514756	832292
514756	858399
514756	859136
514756	874027
514756	880108
514756	882132
859136	20747
859136	38397
859136	138757
859136	152422
859136	211661
859136	273286
859136	340131
859136	370592
859136	501326
859136	537887
859136	613606
859136	716740
859136	744556
859136	798474
859136	836396
882132	104370
882132	337699
882132	501326
882132	513319
882132	514756
882132	604537
882132	777789
882132	796252
882132	858399
32	51633
32	167455
32	215367
32	274848
32	479713
32	490263
32	515698
32	721816
32	891240
51633	32
51633	167455
51633	215367
51633	274848
51633	479713
51633	490263
51633	515698
51633	721816
51633	891240
167455	215367
167455	274848
167455	339598
167455	490263
167455	515698
167455	721816
167455	757912
167455	851358
215367	167455
215367	274848
215367	310586
215367	395214
215367	490263
215367	515698
215367	631973
215367	721816
274848	32
274848	51633
274848	167455
274848	215367
274848	479713
274848	490263
274848	515698
274848	721816
274848	891240
479713	32
479713	51633
479713	167455
479713	215367
479713	274848
479713	490263
479713	515698
479713	721816
479713	891240
490263	167455
490263	215367
490263	274848
490263	505912
490263	515698
490263	670397
490263	721816
490263	808749
515698	167455
515698	201264
515698	215367
515698	274848
515698	339598
515698	401156
515698	490263
515698	631973
515698	721816
515698	832356
515698	866602
721816	13809
721816	22128
721816	25410
721816	32921
721816	35459
721816	56251
721816	68699
721816	86280
721816	124536
721816	222482
721816	241793
721816	275377
721816	289259
721816	297588
721816	354169
721816	461659
721816	513706
721816	517389
721816	524209
721816	554948
721816	557638
721816	572665
721816	589763
721816	625905
721816	650369
721816	654197
721816	710983
721816	733696
721816	796654
721816	822915
721816	823678
721816	848617
721816	869115
721816	872022
721816	882454
891240	32
891240	51633
891240	167455
891240	215367
891240	274848
891240	479713
891240	490263
891240	515698
891240	721816
33	854445
854445	187829
34	62856
34	81997
34	297073
34	342492
34	405329
34	477577
34	498271
34	517327
34	610601
34	645885
34	717491
34	728753
34	758307
34	818382
34	909041
62856	81997
62856	131626
62856	237173
62856	297073
62856	342492
62856	405329
62856	477577
62856	498271
62856	517327
62856	610601
62856	645885
62856	658888
62856	717491
62856	728753
62856	758307
62856	818382
62856	869253
62856	902499
62856	909041
81997	62856
81997	297073
81997	342492
81997	405329
81997	477577
81997	498271
81997	517327
81997	536400
81997	610601
81997	645885
81997	717491
81997	728753
81997	758307
81997	909041
297073	62856
297073	81997
297073	342492
297073	380560
297073	405329
297073	477577
297073	498271
297073	517327
297073	526364
297073	610601
297073	645885
297073	717491
297073	728753
297073	758307
297073	818382
297073	904744
297073	909041
297073	914555
342492	62856
342492	81997
342492	297073
342492	405329
342492	477577
342492	498271
342492	517327
342492	610601
342492	645885
342492	681921
342492	717491
342492	728753
342492	758307
342492	818382
342492	909041
405329	34
405329	62856
405329	81997
405329	297073
405329	342492
405329	351068
405329	379504
405329	387293
405329	477577
405329	498271
405329	517327
405329	610601
405329	645885
405329	717491
405329	728753
405329	758307
405329	818382
405329	909041
477577	62856
477577	81997
477577	297073
477577	342492
477577	405329
477577	498271
477577	517327
477577	517756
477577	610601
477577	645885
477577	717491
477577	728753
477577	758307
477577	776168
477577	818382
477577	909041
498271	12199
498271	62856
498271	80528
498271	81997
498271	297073
498271	308127
498271	342492
498271	396121
498271	405329
498271	477577
498271	517327
498271	517756
498271	610601
498271	645885
498271	717491
498271	728753
498271	758307
498271	776168
498271	818382
498271	909041
517327	62856
517327	81997
517327	297073
517327	342492
517327	405329
517327	477577
517327	498271
517327	517756
517327	610601
517327	645885
517327	717491
517327	728753
517327	758307
517327	776168
517327	818382
517327	909041
610601	62856
610601	81997
610601	297073
610601	342492
610601	405329
610601	477577
610601	498271
610601	517327
610601	645885
610601	717491
610601	728753
610601	758307
610601	776168
610601	818382
610601	902499
610601	909041
645885	26487
645885	95460
645885	351580
645885	442711
645885	452611
645885	461065
645885	467247
645885	499691
645885	633497
645885	658888
645885	684197
645885	756724
645885	818382
645885	884155
645885	910225
717491	62856
717491	81997
717491	213953
717491	239480
717491	297073
717491	342492
717491	405329
717491	477577
717491	498271
717491	517327
717491	573034
717491	610601
717491	621171
717491	645885
717491	672569
717491	728753
717491	758307
717491	818382
717491	909041
728753	62856
728753	81997
728753	297073
728753	342492
728753	405329
728753	477577
728753	498271
728753	517327
728753	517756
728753	536400
728753	610601
728753	645885
728753	717491
728753	758307
728753	818382
728753	909041
758307	62856
758307	81997
758307	160338
758307	216286
758307	282645
758307	297073
758307	335537
758307	342492
758307	386890
758307	405329
758307	477577
758307	498271
758307	515069
758307	517327
758307	610601
758307	645885
758307	717491
758307	728753
758307	818382
758307	909041
909041	62856
909041	81997
909041	131626
909041	237173
909041	290399
909041	297073
909041	342492
909041	405329
909041	477577
909041	498271
909041	517327
909041	546184
909041	610601
909041	645885
909041	658888
909041	717491
909041	728753
909041	758307
909041	818382
36	241611
36	285042
36	297289
36	455271
36	488181
36	546829
36	547329
241611	285042
241611	297289
241611	368035
241611	455271
241611	488181
241611	546829
241611	547329
285042	94127
285042	241611
285042	274509
285042	297289
285042	338258
285042	391461
285042	421671
285042	455271
285042	488181
285042	546829
285042	547329
285042	902889
297289	241611
297289	285042
297289	397905
297289	455271
297289	488181
297289	546829
297289	547329
297289	778072
455271	241611
455271	285042
455271	297289
455271	488181
455271	546829
455271	547329
488181	241611
488181	285042
488181	297289
488181	455271
488181	546829
488181	547329
488181	637825
488181	769309
546829	229305
546829	233019
546829	241611
546829	285042
546829	297289
546829	455271
546829	488181
546829	547329
546829	595359
546829	714588
546829	722714
546829	736140
547329	241611
547329	285042
547329	297289
547329	357656
547329	455271
547329	488181
547329	546829
37	155507
37	231194
37	321242
37	554773
37	558791
37	612116
37	851219
155507	231194
155507	321242
155507	554773
155507	558791
155507	612116
155507	761556
155507	851219
231194	37
231194	155507
231194	321242
231194	530661
231194	554773
231194	558791
231194	612116
231194	851219
321242	155507
321242	231194
321242	554773
321242	558791
321242	612116
321242	851219
558791	129904
558791	223831
558791	266531
558791	267135
558791	276135
558791	292755
558791	313646
558791	351917
558791	354001
558791	381235
558791	426775
558791	492925
558791	547457
558791	564521
558791	609558
558791	668144
558791	707694
558791	737680
558791	738634
558791	813612
558791	867933
558791	886655
612116	41254
612116	56576
612116	155507
612116	231194
612116	321242
612116	554773
612116	558791
612116	769857
612116	851219
851219	155507
851219	197180
851219	226751
851219	231194
851219	321242
851219	394877
851219	442228
851219	512994
851219	528547
851219	554773
851219	557785
851219	558791
851219	574321
851219	612116
851219	650233
851219	829468
851219	895629
38	47312
38	67397
38	131029
38	238588
38	325684
38	459074
38	611265
38	643033
38	680996
38	704416
38	758553
47312	67397
47312	131029
47312	238588
47312	315516
47312	325684
47312	459074
47312	608724
47312	611265
47312	643033
47312	680996
47312	704416
47312	758553
47312	808590
67397	36325
67397	110671
67397	120113
67397	127507
67397	259083
67397	315516
67397	397699
67397	417194
67397	459074
67397	568104
67397	609326
67397	654451
67397	680996
67397	732203
67397	733840
67397	763644
67397	807475
67397	826191
67397	859329
67397	904602
67397	912784
67397	913315
131029	67397
131029	238588
131029	325684
131029	459074
131029	680996
131029	704416
131029	826191
238588	67397
238588	109147
238588	125212
238588	131029
238588	194264
238588	325684
238588	403262
238588	459074
238588	469708
238588	531193
238588	563328
238588	582240
238588	603973
238588	608724
238588	651508
238588	680996
238588	690766
238588	704416
238588	732327
238588	792837
238588	804197
238588	826191
325684	67397
325684	131029
325684	238588
325684	459074
325684	680996
325684	704416
325684	826191
459074	110671
459074	147296
459074	212642
459074	321004
459074	351031
459074	364297
459074	408357
459074	443139
459074	458892
459074	534072
459074	561980
459074	568104
459074	573780
459074	592554
459074	597322
459074	630539
459074	644712
459074	670602
459074	687543
459074	780250
459074	793505
459074	859329
459074	904602
611265	47312
611265	67397
611265	131029
611265	199715
611265	227515
611265	238588
611265	325684
611265	403262
611265	410429
611265	459074
611265	531193
611265	608724
611265	616649
611265	643033
611265	704416
611265	758553
611265	868454
611265	909517
643033	47312
643033	67397
643033	131029
643033	238588
643033	325684
643033	459074
643033	608724
643033	611265
643033	616649
643033	704416
643033	758553
680996	67397
680996	120113
680996	127507
680996	315516
680996	417194
680996	459074
680996	547114
680996	733840
680996	826191
704416	67397
704416	129905
704416	131029
704416	238588
704416	325684
704416	459074
704416	680996
704416	826191
758553	47312
758553	67397
758553	131029
758553	238588
758553	325684
758553	459074
758553	608724
758553	611265
758553	616649
758553	643033
758553	704416
40	444534
444534	40
444534	140034
444534	159778
444534	336590
444534	404952
444534	499494
444534	628810
444534	804350
444534	895521
41	82213
41	349604
41	407610
41	418155
41	800011
41	882782
41	891714
82213	41
82213	65137
82213	349604
82213	407610
82213	418155
82213	772021
82213	800011
82213	882782
82213	891714
349604	82213
349604	407610
349604	418155
349604	800011
349604	882782
349604	891714
407610	14791
407610	59330
407610	59451
407610	116198
407610	165103
407610	170088
407610	211878
407610	240138
407610	248066
407610	304212
407610	381932
407610	396556
407610	409119
407610	418155
407610	432906
407610	500180
407610	516776
407610	543271
407610	550571
407610	699993
407610	810446
407610	831096
407610	855590
407610	880417
407610	882782
407610	891714
418155	20835
418155	186931
418155	407610
418155	510745
418155	562310
418155	597428
418155	766103
418155	799132
418155	814941
418155	882782
418155	891714
800011	82213
800011	316024
800011	349604
800011	407610
800011	418155
800011	619700
800011	882782
800011	891714
882782	22542
882782	75473
882782	79351
882782	116198
882782	140186
882782	175650
882782	351574
882782	372296
882782	407610
882782	418155
882782	432906
882782	519431
882782	699993
882782	740268
882782	750289
882782	755286
882782	817254
882782	822737
882782	867450
882782	891714
882782	894141
891714	407610
891714	418155
891714	882782
42	123804
42	178983
42	181398
42	193068
42	193988
42	232911
42	274428
42	399263
42	486172
42	691463
42	741005
42	842118
42	912178
123804	42
123804	178983
123804	181398
123804	193068
123804	193988
123804	232911
123804	274428
123804	399263
123804	486172
123804	691463
123804	741005
123804	842118
123804	912178
178983	42
178983	123804
178983	181398
178983	193068
178983	193988
178983	232911
178983	274428
178983	399263
178983	486172
178983	691463
178983	741005
178983	842118
178983	912178
193068	42
193068	123804
193068	178983
193068	181398
193068	193988
193068	232911
193068	274428
193068	399263
193068	486172
193068	691463
193068	741005
193068	842118
193068	912178
193988	42
193988	123804
193988	178983
193988	181398
193988	193068
193988	232911
193988	274428
193988	399263
193988	486172
193988	691463
193988	741005
193988	842118
193988	912178
232911	42
232911	123804
232911	178983
232911	181398
232911	193068
232911	193988
232911	274428
232911	399263
232911	486172
232911	691463
232911	741005
232911	842118
232911	912178
274428	42
274428	123804
274428	178983
274428	181398
274428	193068
274428	193988
274428	232911
274428	399263
274428	486172
274428	691463
274428	741005
274428	842118
274428	912178
399263	42
399263	123804
399263	178983
399263	181398
399263	193068
399263	193988
399263	232911
399263	274428
399263	486172
399263	691463
399263	741005
399263	842118
399263	912178
486172	42
486172	123804
486172	178983
486172	181398
486172	193068
486172	193988
486172	232911
486172	274428
486172	399263
486172	691463
486172	741005
486172	842118
486172	912178
691463	42
691463	123804
691463	178983
691463	181398
691463	193068
691463	193988
691463	232911
691463	274428
691463	399263
691463	486172
691463	741005
691463	842118
691463	912178
741005	42
741005	123804
741005	178983
741005	181398
741005	193068
741005	193988
741005	232911
741005	274428
741005	399263
741005	486172
741005	691463
741005	737110
741005	842118
741005	912178
842118	42
842118	123804
842118	178983
842118	181398
842118	193068
842118	193988
842118	232911
842118	274428
842118	399263
842118	486172
842118	691463
842118	741005
842118	912178
912178	42
912178	123804
912178	178983
912178	181398
912178	193068
912178	193988
912178	232911
912178	274428
912178	399263
912178	486172
912178	691463
912178	741005
912178	842118
43	337695
43	360877
43	459074
43	568104
43	703332
337695	5667
337695	21585
337695	161789
337695	224275
337695	246648
337695	331333
337695	360877
337695	384960
337695	386024
337695	440892
337695	459074
337695	497170
337695	568104
337695	588774
337695	632511
337695	674274
337695	703332
337695	806389
337695	902997
360877	21585
360877	32919
360877	86091
360877	189462
360877	196159
360877	309554
360877	330297
360877	337695
360877	363498
360877	386024
360877	444903
360877	459074
360877	465391
360877	538936
360877	562185
360877	568104
360877	674274
360877	703332
360877	717657
360877	736127
360877	765216
360877	813177
568104	38597
568104	210889
568104	225554
568104	285706
568104	408357
568104	415474
568104	459074
568104	517918
568104	544549
568104	576553
568104	589765
568104	594700
568104	668537
568104	692212
568104	693180
568104	802428
703332	49882
703332	55853
703332	86122
703332	151019
703332	264704
703332	337695
703332	356173
703332	360877
703332	452627
703332	459074
703332	531415
703332	573791
703332	696459
44	192418
44	356683
44	494138
44	563108
44	770205
44	818349
192418	119641
192418	119754
192418	171754
192418	222485
192418	243362
192418	252988
192418	280559
192418	292595
192418	356683
192418	494138
192418	563108
192418	723551
192418	770637
192418	785033
192418	795680
192418	818349
192418	874149
192418	893823
356683	192418
494138	323559
494138	480734
494138	681938
494138	840054
563108	170990
563108	173051
563108	317862
563108	389602
563108	604744
818349	107261
818349	376121
47	354815
47	438491
354815	55760
354815	438491
354815	459462
354815	509592
354815	575946
354815	844236
438491	38025
438491	171147
438491	172333
438491	228993
438491	871512
48	25870
48	168352
48	375621
48	385596
48	409753
48	494100
48	630872
48	707188
48	721816
25870	48
25870	168352
25870	229993
25870	375621
25870	385596
25870	409753
25870	494100
25870	588708
25870	630872
25870	638338
25870	707188
25870	721816
25870	813819
168352	25870
168352	375621
168352	385596
168352	409753
168352	494100
168352	630872
168352	707188
168352	721816
375621	72533
375621	131664
375621	231014
375621	385596
375621	409753
375621	450832
375621	531380
375621	630872
375621	721816
375621	887915
375621	894471
385596	42966
385596	280305
385596	301749
385596	375621
385596	409753
385596	450832
385596	630872
385596	637205
385596	701062
385596	721816
409753	25870
409753	168352
409753	375621
409753	385596
409753	450832
409753	494100
409753	630872
409753	707188
409753	721816
494100	25870
494100	168352
494100	375621
494100	385596
494100	409753
494100	450832
494100	630872
494100	707188
494100	721816
630872	17725
630872	375621
630872	385596
630872	409753
630872	450832
630872	721816
707188	7186
707188	285573
707188	375621
707188	385596
707188	409753
707188	450832
707188	601142
707188	629159
707188	630872
707188	712217
707188	721816
707188	860335
707188	911630
51	452291
51	844281
51	870284
452291	384666
452291	556129
452291	671193
870284	331834
870284	344467
870284	384666
870284	387992
870284	413834
870284	416661
870284	437492
870284	452291
870284	461279
870284	498700
870284	498805
870284	597547
870284	696155
870284	844281
870284	847171
870284	856681
53	68843
68843	27951
68843	128562
68843	372865
68843	486980
68843	542465
68843	658785
68843	697423
68843	733870
68843	780805
68843	861072
54	7969
54	51137
54	186973
54	229250
54	341092
54	385358
54	514446
54	535081
54	702975
54	778003
54	801615
7969	161143
7969	676514
7969	723730
7969	852528
51137	54
51137	7969
51137	186973
51137	229250
51137	254141
51137	341092
51137	385358
51137	514446
51137	535081
51137	702975
51137	778003
51137	793696
51137	801615
51137	822801
51137	865075
186973	439330
186973	600540
186973	707610
229250	54
229250	7969
229250	51137
229250	186973
229250	341092
229250	385358
229250	514446
229250	535081
229250	702975
229250	778003
229250	801615
341092	54
341092	7969
341092	51137
341092	186973
341092	229250
341092	385358
341092	402912
341092	514446
341092	535081
341092	702975
341092	778003
341092	801615
385358	54
385358	7969
385358	51137
385358	186973
385358	229250
385358	341092
385358	514446
385358	535081
385358	702975
385358	778003
385358	801615
514446	54
514446	7969
514446	51137
514446	186973
514446	229250
514446	341092
514446	385358
514446	535081
514446	702975
514446	778003
514446	801615
514446	837337
535081	54
535081	7969
535081	51137
535081	186973
535081	229250
535081	341092
535081	385358
535081	514446
535081	548707
535081	670805
535081	702975
535081	778003
535081	801615
702975	54
702975	7969
702975	51137
702975	186973
702975	229250
702975	341092
702975	385358
702975	514446
702975	535081
702975	778003
702975	801615
778003	54
778003	7969
778003	51137
778003	186973
778003	229250
778003	341092
778003	385358
778003	514446
778003	535081
778003	702975
778003	801615
801615	54
801615	7969
801615	51137
801615	186973
801615	229250
801615	341092
801615	385358
801615	514446
801615	535081
801615	702975
801615	778003
56	619109
56	895872
619109	56
619109	29383
619109	479423
619109	769576
619109	815510
619109	895872
895872	56
895872	29383
895872	54008
895872	110177
895872	223960
895872	228063
895872	295441
895872	334046
895872	353723
895872	411807
895872	479423
895872	619109
895872	624147
895872	645609
895872	708059
895872	769576
895872	900661
895872	903485
57	619817
619817	15686
619817	58543
619817	280351
619817	280923
619817	288143
619817	308810
619817	353531
619817	354640
619817	497012
619817	557213
619817	681970
619817	817340
619817	850502
619817	851519
58	162633
58	211547
58	225347
58	268960
58	286373
58	312725
58	402132
58	424266
58	455784
58	486006
58	496670
58	629379
58	629941
58	641484
58	687219
58	725909
58	729910
58	877558
162633	11779
162633	40274
162633	211547
162633	286373
162633	302847
162633	306206
162633	312725
162633	398639
162633	402132
162633	424266
162633	442709
162633	455784
162633	481352
162633	486006
162633	496670
162633	519184
162633	567426
162633	606865
162633	687219
162633	756069
162633	870064
162633	877558
162633	907213
162633	908350
211547	162633
211547	286373
211547	312725
211547	402132
211547	424266
211547	455784
211547	486006
211547	687219
211547	877558
225347	58
225347	162633
225347	211547
225347	268960
225347	286373
225347	312725
225347	402132
225347	424266
225347	455784
225347	486006
225347	629379
225347	629941
225347	641484
225347	687219
225347	725909
225347	729910
225347	877558
268960	867231
286373	11779
286373	40274
286373	162633
286373	211547
286373	302847
286373	312725
286373	398639
286373	402132
286373	424266
286373	455784
286373	481352
286373	486006
286373	496670
286373	514034
286373	519184
286373	567426
286373	606865
286373	687219
286373	756069
286373	870064
286373	877558
286373	908350
312725	11779
312725	40274
312725	162633
312725	211547
312725	286373
312725	302847
312725	398639
312725	402132
312725	424266
312725	442709
312725	455784
312725	481352
312725	486006
312725	496670
312725	519184
312725	567426
312725	606865
312725	687219
312725	756069
312725	870064
312725	877558
312725	908350
402132	33320
402132	40141
402132	156950
402132	209111
402132	220225
402132	227661
402132	244320
402132	249351
402132	270516
402132	311610
402132	373663
402132	407693
402132	431594
402132	435905
402132	493110
402132	513364
402132	523682
402132	525155
402132	601113
402132	604596
402132	648523
402132	760138
402132	768788
402132	824509
402132	851744
402132	907463
424266	11779
424266	40274
424266	162633
424266	211547
424266	286373
424266	302847
424266	312725
424266	398639
424266	402132
424266	455784
424266	481352
424266	486006
424266	496670
424266	519184
424266	567426
424266	606865
424266	687219
424266	756069
424266	833289
424266	870064
424266	872914
424266	877558
424266	908350
455784	11779
455784	40274
455784	162633
455784	211547
455784	286373
455784	302847
455784	312725
455784	398639
455784	402132
455784	424266
455784	481352
455784	486006
455784	496670
455784	519184
455784	567426
455784	606865
455784	611453
455784	687219
455784	756069
455784	870064
455784	877558
455784	908350
486006	162633
486006	211547
486006	286373
486006	312725
486006	402132
486006	424266
486006	455784
486006	687219
486006	877558
496670	81985
496670	162633
496670	211547
496670	238365
496670	286373
496670	290863
496670	312725
496670	313482
496670	361765
496670	402132
496670	424266
496670	455784
496670	486006
496670	544664
496670	582728
496670	687219
496670	776711
496670	872680
496670	877558
629379	58
629379	162633
629379	211547
629379	225347
629379	268960
629379	286373
629379	312725
629379	402132
629379	424266
629379	455784
629379	486006
629379	629941
629379	687219
629379	725909
629379	729910
629379	877558
629941	58
629941	162633
629941	211547
629941	225347
629941	268960
629941	286373
629941	312725
629941	402132
629941	424266
629941	448674
629941	455784
629941	486006
629941	629379
629941	687219
629941	725909
629941	729910
629941	877558
641484	162633
641484	286373
641484	312725
641484	402132
641484	424266
641484	455784
641484	486006
641484	580946
641484	656158
641484	687219
641484	877558
687219	11779
687219	40274
687219	162633
687219	211547
687219	286373
687219	302847
687219	312725
687219	398639
687219	402132
687219	424266
687219	455784
687219	481352
687219	486006
687219	496670
687219	519184
687219	567426
687219	606865
687219	756069
687219	870064
687219	877558
687219	908350
725909	58
725909	162633
725909	211547
725909	225347
725909	268960
725909	286373
725909	312725
725909	402132
725909	424266
725909	455784
725909	486006
725909	629379
725909	629941
725909	687219
725909	729910
725909	877558
729910	58
729910	162633
729910	211547
729910	225347
729910	264763
729910	286373
729910	312725
729910	402132
729910	424266
729910	448674
729910	455784
729910	486006
729910	629379
729910	629941
729910	687219
729910	725909
729910	867231
729910	877558
877558	11779
877558	40274
877558	162633
877558	211547
877558	286373
877558	302847
877558	312725
877558	366597
877558	381344
877558	398639
877558	402132
877558	420385
877558	424266
877558	455784
877558	481352
877558	486006
877558	496670
877558	519184
877558	567426
877558	606865
877558	687219
877558	756069
877558	870064
877558	908350
59	236155
59	476667
59	530002
59	639662
59	858556
236155	639662
476667	236155
476667	530002
476667	639662
530002	236155
530002	639662
639662	110507
639662	206007
639662	236155
639662	332618
639662	399713
639662	530002
639662	858556
858556	59
858556	236155
858556	442905
858556	476667
858556	530002
858556	577691
858556	639662
60	308674
60	362947
60	736699
308674	510713
308674	736699
308674	836735
362947	308674
362947	736699
736699	41909
736699	61957
736699	103323
736699	362947
736699	364067
736699	408590
736699	461894
736699	469152
736699	510713
736699	633314
736699	767267
736699	790598
736699	793910
736699	833752
736699	836735
736699	869334
62	191810
62	325393
62	455181
62	496487
62	635838
62	805946
62	823884
62	837891
62	873588
62	904695
191810	256479
191810	618824
191810	805946
191810	866428
191810	911239
325393	191810
325393	454979
325393	496487
325393	635838
325393	805946
325393	823884
325393	827981
325393	832640
325393	837891
325393	871440
325393	873588
455181	183501
455181	191810
455181	314661
455181	699471
455181	805946
455181	846767
455181	903892
455181	911239
455181	912370
496487	191810
496487	325393
496487	454979
496487	635838
496487	805946
496487	823884
496487	827981
496487	832640
496487	837891
496487	871440
496487	873588
635838	191810
635838	325393
635838	454979
635838	496487
635838	805946
635838	823884
635838	827981
635838	832640
635838	837891
635838	871440
635838	873588
805946	191810
805946	256479
805946	618824
805946	866428
805946	911239
823884	32007
823884	191810
823884	454979
823884	455181
823884	805946
823884	844706
823884	873588
823884	904695
837891	191810
837891	454979
837891	455181
837891	805946
837891	873588
873588	191810
873588	325393
873588	454979
873588	496487
873588	635838
873588	805946
873588	823884
873588	827981
873588	832640
873588	837891
873588	871440
904695	191810
904695	805946